200
0 1 -146477162
1 1 -133156848
2 1 -313667258
3 1 -169765225
4 1 -743827388
5 1 -961978493
6 3 -610191500
7 1 -445239583
8 1 -211164833
9 1 -780510633
10 1 -5096962
11 1 -90243239
12 1 -431577085
13 1 -246250983
14 1 -267248214
15 1 -925310886
16 1 13319002
17 1 23131731
18 1 -368899403
19 1 -312083142
20 1 -826025682
21 1 -994078683
22 1 -418244756
23 1 -25506102
24 1 -103356032
25 1 -333305643
26 1 -506780902
27 1 -709216411
28 1 -283541031
29 1 -446100135
30 1 -73345319
31 1 -195898878
32 1 -624609382
33 1 -406123285
34 1 -135103132
35 1 -289536958
36 1 987464
37 1 -89902439
38 1 -500104735
39 1 -299932798
40 1 -753015069
41 1 -723207727
42 1 -718936648
43 1 -180388630
44 1 -618725075
45 1 -752988681
46 1 -111739553
47 1 -148107141
48 1 41666564
49 1 -500095757
50 2 -89902439
51 1 -311079131
52 1 -617361494
53 1 -593623877
54 1 -997648603
55 1 -66343986
56 1 -45345510
57 1 -127056914
58 1 -828135733
59 1 -792735893
60 1 -954896217
61 1 -747568714
62 1 -875128592
63 1 -782078426
64 1 73612992
65 1 -363439697
66 1 -225257877
67 1 -304307138
68 1 -127240204
69 1 -846718138
70 1 -846650993
71 1 -901768561
72 1 -873688415
73 1 -932226464
74 1 -244697668
75 1 -467697122
76 1 -477820080
77 1 -146780785
78 1 -551638617
79 1 -998895144
80 1 -334859832
81 1 -403704234
82 1 -701445142
83 3 -867322189
84 1 -871103333
85 1 -57867952
86 1 -668701405
87 1 -710937257
88 1 -801952136
89 1 -378970045
90 1 -225327888
91 1 -754364786
92 1 -215289316
93 1 -200217997
94 1 -39635999
95 1 -433928986
96 1 -445543552
97 1 -441838001
98 1 29582304
99 2 -433928986
100 3 -561045327
101 1 -481189147
102 4 81
103 5 -705198625
104 1 -632776085
105 5 -188410114
106 1 49373498
107 1 -551229390
108 5 -114972933
109 6 -96045450
110 4 3
111 3 -941646266
112 5 -268215580
113 4 25
114 5 -46847329
115 3 -149338029
116 4 76
117 3 -951865370
118 2 -431577085
119 4 70
120 1 -236377829
121 3 -163728203
122 2 -624609382
123 2 -747568714
124 2 8038829
125 3 -214701239
126 5 -825319035
127 6 -239055000
128 1 -17650793
129 1 -19212386
130 2 -481189147
131 3 -512379621
132 4 90
133 1 -134269502
134 5 -62551056
135 2 -846718138
136 2 -225327888
137 4 44
138 1 -911894979
139 1 -674612939
140 4 72
141 1 -345492020
142 3 -564629192
143 1 -35204365
144 6 -73027804
145 2 -445543552
146 5 -599014287
147 4 83
148 3 -528631424
149 1 -907112879
150 6 -219037251
151 6 -119070213
152 1 -493072707
153 5 -417271987
154 1 -633514861
155 2 49373498
156 3 -963665859
157 2 -403704234
158 2 -961978493
159 6 -319212145
160 2 -932226464
161 2 -39657994
162 1 -612321257
163 3 -614547506
164 2 -828135733
165 6 -546252759
166 3 -939925824
167 6 -245564034
168 3 -327956065
169 5 -11669262
170 2 -211164833
171 1 -731067032
172 2 -225257877
173 6 -715040401
174 2 -378970045
175 2 -236377829
176 6 -365001703
177 1 -685389756
178 5 -320983909
179 5 -536396894
180 6 -914206023
181 4 7
182 5 -457231852
183 6 -317293679
184 4 94
185 1 -746292270
186 4 36
187 2 -782078426
188 1 -9840559
189 3 -936503136
190 5 -678942362
191 6 -862748281
192 1 -935310392
193 2 -255269377
194 6 -455826798
195 6 -576015064
196 4 75
197 2 -17650793
198 2 -19212386
199 1 -423658340
