200 200
16 195
51 21
149 107
104 47
110 88
86 126
152 177
52 140
195 59
78 195
195 184
118 50
24 18
195 125
147 144
195 111
195 81
46 106
79 181
8 95
171 79
127 165
98 49
163 36
62 138
47 71
195 66
40 195
29 47
167 7
183 151
69 148
195 179
123 195
195 35
89 195
122 37
101 195
52 32
27 163
36 38
23 195
194 115
72 195
83 11
90 118
27 6
116 187
130 152
193 130
189 93
98 44
103 124
166 126
99 190
175 195
195 15
41 195
125 91
67 48
64 5
64 156
95 171
73 195
126 4
200 28
170 42
127 37
143 105
74 183
195 142
195 11
168 19
30 63
154 107
70 162
149 105
58 195
71 156
114 42
128 119
65 97
93 67
194 195
45 142
17 195
56 193
33 195
195 169
77 46
161 195
117 43
99 144
94 25
85 195
109 179
99 162
187 44
112 195
18 48
146 195
119 37
190 92
196 137
88 13
196 42
190 14
195 133
1 118
197 55
20 151
113 177
86 32
121 182
21 191
2 76
60 168
195 186
195 61
119 153
35 135
120 102
199 115
69 59
195 198
132 195
190 2
60 62
84 195
106 166
162 19
195 22
13 196
124 195
21 195
158 142
9 195
195 108
94 170
57 116
26 192
195 39
195 7
143 64
27 173
180 195
90 183
168 102
77 157
12 164
200 141
164 195
195 87
68 195
30 178
170 155
72 131
55 174
145 138
80 74
190 176
160 96
141 20
53 195
93 113
195 34
95 24
197 95
31 195
49 130
200 160
10 195
140 63
134 66
13 127
195 100
11 3
82 195
178 38
173 50
7 76
43 169
195 26
57 96
25 185
139 6
195 150
195 159
195 188
121 141
195 172
128 157
54 94
154 138
185 29
16 65
75 195
88 129
193 136
99 152 31 44
137 60 123 122
47 124 141 37
128 106 157 130
137 122 28 115
97 155 130 92
133 46 106 121
76 6 69 61
24 98 123 24
155 146 152 108
93 48 47 39
144 69 57 199
15 38 75 46
169 48 5 86
117 43 150 59
61 103 132 174
122 64 149 143
75 51 73 35
105 168 52 188
42 136 172 161
138 117 1 129
173 69 191 15
138 29 42 69
191 126 139 128
93 113 132 133
62 20 130 176
37 79 149 7
141 42 182 114
91 178 162 126
32 125 187 128
178 129 48 98
130 28 200 67
31 171 174 26
146 98 45 186
180 57 126 38
40 65 175 61
131 175 88 175
35 54 72 46
183 156 134 49
17 75 66 116
170 190 147 92
21 133 130 32
101 41 145 52
39 156 95 2
148 153 183 56
90 57 156 172
78 159 82 125
92 167 173 84
151 134 81 84
121 72 22 176
61 184 42 66
2 17 80 158
199 194 70 70
73 22 144 36
119 123 36 61
168 88 189 150
174 44 193 112
58 76 129 18
118 119 33 33
192 24 166 105
15 1 73 19
61 189 87 179
12 184 165 126
33 116 82 142
130 96 24 166
72 169 59 195
86 97 102 193
20 103 53 99
165 198 154 50
5 137 70 152
14 19 45 35
99 21 91 152
50 119 122 163
36 100 120 127
45 189 92 195
120 106 190 3
200 195 156 94
127 103 69 115
66 102 51 79
63 198 70 7
7 194 66 145
139 125 155 68
167 134 155 49
56 82 105 93
110 40 133 169
137 109 24 158
176 3 45 146
99 173 200 160
143 128 14 194
14 152 173 45
169 11 116 48
40 163 155 108
20 69 149 140
1 115 84 38
21 185 61 144
163 89 48 128
116 196 130 199
140 165 107 50
29 79 188 60
148 133 197 13
174 98 33 55
161 93 134 6
89 11 175 103
26 24 163 139
1 103 84 145
157 85 35 100
39 111 139 145
64 115 24 135
140 27 55 180
143 4 3 86
123 34 68 105
123 2 127 44
52 44 13 180
40 192 160 171
152 174 113 51
47 99 59 43
128 46 4 169
30 123 9 185
51 83 141 141
52 96 49 129
2 84 132 97
98 117 17 16
50 194 169 171
132 153 53 200
121 115 115 168
145 200 144 161
166 125 198 94
195 154 179 196
105 176 185 56
191 199 68 191
145 51 141 161
11 7 105 102
142 32 104 17
10 78 161 66
166 4 155 197
182 197 94 10
95 199 182 174
1 7 109 157
83 53 5 116
167 132 164 85
34 133 196 127
1 48 6 95
81 186 53 197
27 93 2 125
93 38 192 123
41 102 186 184
153 69 135 50
146 121 169 177
73 40 101 159
6 26 182 120
101 107 79 196
118 161 33 147
2 199 163 120
53 35 61 139
44 189 161 108
160 78 69 7
37 97 153 131
185 162 132 36
2 99 102 42
197 140 41 197
47 79 162 140
134 94 171 187
16 112 16 34
139 132 84 81
88 71 132 188
2 153 166 183
10 2 21 50
30 192 185 52
134 82 165 188
12 75 156 164
54 32 168 168
171 68 133 78
197 158 52 102
181 194 23 99
189 172 37 80
96 159 138 136
57 131 195 111
135 169 7 127
85 124 185 56
119 141 117 146
136 42 55 197
82 90 142 109
161 27 72 103
16 188 40 74
34 164 64 123
199 71 109 163
88 124 145 115
104 159 47 14
86 177 109 69
137 156 64 93
147 158 14 156
172 39 3 116
161 41 66 111
194 197 130 107
27 68 24 51
105 6 35 5
138 172 35 58
5 6 52 147
87 83 4 136
51 192 76 63
